[[737.  54. 977. 319.]
 [320. 270. 437. 380.]
 [488. 782. 716. 979.]
 [496. 305. 683. 479.]
 [205. 733. 313. 912.]
 [243. 755. 382. 908.]
 [168. 817. 373. 901.]
 [174. 745. 374. 834.]
 [192. 773. 319. 856.]
 [177. 712. 265. 921.]
 [393. 824. 500. 919.]
 [ 68. 280. 208. 374.]
 [ 57.  87. 199. 181.]
 [468. 546. 688. 697.]
 [277.  81. 461. 223.]
 [ 83. 270. 195. 386.]
 [ 22. 676. 158. 817.]]
[ 1  2  3  8 10 10 10 10 10 10 12 12 14 15 17 19 20]
[0.99684805 0.9447058  0.9937564  0.9999991  0.9999999  0.9998351
 0.99967945 0.99872077 0.7703245  0.74855554 0.97712344 0.73013747
 0.9868697  0.996403   0.9999468  0.9836491  0.6077067 ]
