[[133. 504. 359. 642.]
 [740.  19. 965. 350.]
 [327. 265. 430. 379.]
 [505. 788. 718. 978.]
 [486. 313. 687. 497.]
 [191. 762. 327. 874.]
 [390. 827. 498. 918.]
 [ 56. 134. 210. 228.]
 [ 55.  95. 228. 188.]
 [  9.  84. 151. 190.]
 [124.  71. 257. 186.]
 [452. 548. 682. 700.]
 [103. 295. 210. 393.]
 [116. 256. 223. 349.]
 [ 70. 237. 203. 372.]
 [ 26. 288. 155. 392.]
 [125. 653. 217. 828.]
 [ 60. 684. 175. 831.]
 [ -7. 764. 202. 868.]
 [ 49. 723. 182. 920.]
 [  0. 601. 189. 739.]]
[ 0  1  2  3  8 10 12 14 14 14 14 15 19 19 19 19 20 20 20 20 20]
[0.99916893 0.9992849  0.959607   0.99999225 0.99997663 0.90477467
 0.97096443 0.99999255 0.9999806  0.99962884 0.98535186 0.87880826
 0.999938   0.9996455  0.99868834 0.9831249  0.9999723  0.99991775
 0.9800919  0.9141222  0.71673477]
